#!usr/bin/env python3
# -*- coding: utf-8 -*-
"""
This script defines atomic properties like mass and partial charge
For other scripts to import and lookup
"""
import pandas as pd
import numpy as np

AtomicMass = {'H':1.00794, 'C':12.011, 'N':14.00674, 'O':15.9994, 'S':32.066}
# Based on 1993 IUPAC table of standard atomic weights of the elements

Grantham = [
    [1,0.49,0.33,0.66,0.73,0.54,0.42,0.74,0.34,0.28,0.33,0.48,0.59,0.68,0.79,0.44,0.7,0.63,0.37,0.18],
    [0.49,1,0.53,0.52,0.67,0.48,0.55,0.42,0.55,0.55,0.64,0.16,0.87,0.8,0.6,0.88,0.55,0.75,0.58,0.53],
    [0.33,0.53,1,0.54,0.57,0.55,0.85,0.36,0.98,0.9,0.83,0.08,0.54,0.47,0.29,0.5,0.2,0.36,0.93,0.72],
    [0.66,0.52,0.54,1,0.82,0.87,0.68,0.8,0.56,0.47,0.49,0.21,0.64,0.65,0.58,0.52,0.5,0.57,0.6,0.32],
    [0.73,0.67,0.57,0.82,1,0.73,0.68,0.73,0.59,0.52,0.57,0.31,0.78,0.8,0.7,0.64,0.6,0.7,0.62,0.4],
    [0.54,0.48,0.55,0.87,0.73,1,0.7,0.72,0.56,0.47,0.48,0.09,0.6,0.58,0.48,0.51,0.41,0.5,0.61,0.31],
    [0.42,0.55,0.85,0.68,0.68,0.7,1,0.49,0.87,0.77,0.74,0.11,0.61,0.55,0.38,0.55,0.29,0.44,0.9,0.59],
    [0.74,0.42,0.36,0.8,0.73,0.72,0.49,1,0.37,0.29,0.32,0.26,0.54,0.6,0.63,0.41,0.56,0.54,0.41,0.14],
    [0.34,0.55,0.98,0.56,0.59,0.56,0.87,0.37,1,0.9,0.85,0.08,0.56,0.49,0.31,0.53,0.22,0.38,0.95,0.72],
    [0.28,0.55,0.9,0.47,0.52,0.47,0.77,0.29,0.9,1,0.9,0.05,0.53,0.46,0.27,0.53,0.18,0.35,0.87,0.81],
    [0.33,0.64,0.83,0.49,0.57,0.48,0.74,0.32,0.85,0.9,1,0.1,0.61,0.54,0.33,0.6,0.26,0.43,0.83,0.83],
    [0.48,0.16,0.08,0.21,0.31,0.09,0.11,0.26,0.08,0.05,0.1,1,0.19,0.28,0.35,0.06,0.28,0.21,0.09,0],
    [0.59,0.87,0.54,0.64,0.78,0.6,0.61,0.54,0.56,0.53,0.61,0.19,1,0.89,0.68,0.85,0.62,0.81,0.6,0.47],
    [0.68,0.8,0.47,0.65,0.8,0.58,0.55,0.6,0.49,0.46,0.54,0.28,0.89,1,0.79,0.75,0.72,0.87,0.53,0.4],
    [0.79,0.6,0.29,0.58,0.7,0.48,0.38,0.63,0.31,0.27,0.33,0.35,0.68,0.79,1,0.56,0.89,0.8,0.34,0.19],
    [0.44,0.88,0.5,0.52,0.64,0.51,0.55,0.41,0.53,0.53,0.6,0.06,0.85,0.75,0.56,1,0.53,0.74,0.56,0.49],
    [0.7,0.55,0.2,0.5,0.6,0.41,0.29,0.56,0.22,0.18,0.26,0.28,0.62,0.72,0.89,0.53,1,0.79,0.26,0.16],
    [0.63,0.75,0.36,0.57,0.7,0.5,0.44,0.54,0.38,0.35,0.43,0.21,0.81,0.87,0.8,0.74,0.79,1,0.41,0.29],
    [0.37,0.58,0.93,0.6,0.62,0.61,0.9,0.41,0.95,0.87,0.83,0.09,0.6,0.53,0.34,0.56,0.26,0.41,1,0.69],
    [0.18,0.53,0.72,0.32,0.4,0.31,0.59,0.14,0.72,0.81,0.83,0,0.47,0.4,0.19,0.49,0.16,0.29,0.69,1],
]
Grantham_order = ["SER","ARG","LEU","PRO","THR","ALA","VAL","GLY","ILE","PHE","TYR","CYS","HIS","GLN","ASN","LYS","ASP","GLU","MET","TRP"]
GranthamSim = pd.DataFrame(Grantham, columns=Grantham_order, index=Grantham_order)
# 1-D/215, D is Grantham's distance

SM_THREAD_NORM = [
    [0.55,0.20,0.20,0.18,0.30,0.21,0.21,0.29,0.17,0.29,0.26,0.20,0.25,0.19,0.23,0.30,0.25,0.19,0.19,0.32],
    [0.21,0.64,0.27,0.27,0.12,0.35,0.35,0.19,0.29,0.10,0.16,0.47,0.18,0.15,0.21,0.25,0.24,0.18,0.22,0.13],
    [0.20,0.29,0.63,0.46,0.16,0.30,0.36,0.34,0.32,0.08,0.05,0.35,0.14,0.07,0.28,0.35,0.28,0.11,0.14,0.08],
    [0.19,0.28,0.45,0.75,0.09,0.34,0.49,0.32,0.26,0.05,0.06,0.35,0.07,0.05,0.35,0.34,0.27,0.09,0.12,0.05],
    [0.26,0.13,0.20,0.13,0.97,0.13,0.13,0.24,0.18,0.30,0.28,0.12,0.24,0.29,0.17,0.25,0.26,0.17,0.21,0.34],
    [0.23,0.36,0.29,0.33,0.11,0.58,0.42,0.20,0.29,0.09,0.16,0.41,0.23,0.07,0.26,0.27,0.20,0.22,0.17,0.08],
    [0.25,0.34,0.32,0.46,0.11,0.41,0.63,0.19,0.27,0.05,0.12,0.40,0.15,0.11,0.30,0.26,0.23,0.15,0.14,0.09],
    [0.28,0.22,0.37,0.37,0.18,0.23,0.24,0.75,0.24,0.10,0.09,0.27,0.14,0.13,0.32,0.35,0.25,0.20,0.15,0.11],
    [0.17,0.30,0.33,0.28,0.17,0.30,0.29,0.24,0.68,0.10,0.14,0.29,0.20,0.23,0.24,0.24,0.19,0.18,0.33,0.10],
    [0.28,0.08,0.08,0.03,0.36,0.08,0.00,0.14,0.12,0.70,0.53,0.05,0.43,0.42,0.14,0.11,0.24,0.26,0.31,0.64],
    [0.25,0.15,0.05,0.06,0.33,0.15,0.08,0.13,0.15,0.52,0.66,0.08,0.48,0.44,0.10,0.11,0.22,0.29,0.29,0.45],
    [0.23,0.46,0.32,0.33,0.11,0.40,0.41,0.23,0.27,0.09,0.11,0.61,0.14,0.07,0.30,0.29,0.23,0.15,0.14,0.08],
    [0.26,0.17,0.13,0.06,0.27,0.22,0.13,0.15,0.21,0.44,0.49,0.12,0.60,0.34,0.13,0.14,0.19,0.28,0.28,0.38],
    [0.18,0.14,0.07,0.04,0.33,0.06,0.09,0.15,0.25,0.41,0.44,0.05,0.33,0.73,0.12,0.13,0.19,0.41,0.50,0.36],
    [0.21,0.23,0.31,0.40,0.10,0.29,0.36,0.32,0.24,0.10,0.05,0.35,0.11,0.10,0.83,0.32,0.29,0.15,0.13,0.11],
    [0.29,0.26,0.35,0.34,0.23,0.27,0.27,0.33,0.23,0.11,0.11,0.31,0.15,0.13,0.30,0.50,0.36,0.12,0.16,0.16],
    [0.24,0.25,0.28,0.27,0.25,0.21,0.24,0.24,0.19,0.23,0.21,0.24,0.20,0.19,0.28,0.36,0.48,0.17,0.17,0.27],
    [0.20,0.18,0.11,0.08,0.20,0.22,0.13,0.21,0.18,0.26,0.30,0.13,0.29,0.42,0.15,0.11,0.17,1.00,0.41,0.25],
    [0.18,0.21,0.14,0.11,0.23,0.17,0.12,0.17,0.34,0.31,0.29,0.12,0.28,0.50,0.14,0.15,0.17,0.41,0.63,0.30],
    [0.31,0.11,0.08,0.04,0.39,0.07,0.04,0.15,0.11,0.63,0.46,0.05,0.38,0.36,0.15,0.16,0.28,0.25,0.30,0.68]
]
SM_THREAD_order = ["ALA","ARG","ASN","ASP","CYS","GLN","GLU","GLY","HIS","ILE","LEU","LYS","MET","PHE","PRO","SER","THR","TRP","TYR","VAL"]
SM_THREAD_NORM_Sim = pd.DataFrame(SM_THREAD_NORM, columns=SM_THREAD_order, index=SM_THREAD_order)
# (D + 6.08) / (14.53 + 6.08), D is SM_THREAD_NORM similarity index

PMBEC = [
    [0.87,0.27,0.21,0.24,0.15,0.32,0.08,0.24,0.22,0.16,0.12,0.08,0.39,0.15,0.22,0.32,0.35,0.40,0.00,0.10],
    [0.27,0.44,0.26,0.27,0.31,0.26,0.23,0.25,0.15,0.21,0.21,0.25,0.23,0.18,0.15,0.20,0.20,0.21,0.32,0.26],
    [0.21,0.26,0.55,0.38,0.21,0.23,0.21,0.19,0.12,0.19,0.20,0.28,0.33,0.24,0.13,0.22,0.26,0.21,0.25,0.21],
    [0.24,0.27,0.38,0.50,0.23,0.23,0.18,0.22,0.11,0.25,0.21,0.25,0.29,0.30,0.11,0.21,0.23,0.23,0.23,0.20],
    [0.15,0.31,0.21,0.23,0.75,0.24,0.23,0.37,0.15,0.34,0.31,0.20,0.07,0.06,0.12,0.08,0.09,0.21,0.37,0.41],
    [0.32,0.26,0.23,0.23,0.24,0.48,0.19,0.20,0.22,0.18,0.19,0.24,0.26,0.25,0.20,0.30,0.26,0.22,0.20,0.20],
    [0.08,0.23,0.21,0.18,0.23,0.19,0.65,0.07,0.39,0.18,0.24,0.31,0.11,0.23,0.46,0.26,0.20,0.07,0.27,0.32],
    [0.24,0.25,0.19,0.22,0.37,0.20,0.07,0.78,0.17,0.42,0.35,0.13,0.17,0.12,0.03,0.12,0.18,0.42,0.25,0.20],
    [0.22,0.15,0.12,0.11,0.15,0.22,0.39,0.17,0.78,0.21,0.23,0.18,0.15,0.18,0.66,0.25,0.18,0.17,0.13,0.23],
    [0.16,0.21,0.19,0.25,0.34,0.18,0.18,0.42,0.21,0.56,0.39,0.22,0.14,0.24,0.10,0.13,0.18,0.33,0.23,0.22],
    [0.12,0.21,0.20,0.21,0.31,0.19,0.24,0.35,0.23,0.39,0.55,0.26,0.07,0.25,0.19,0.19,0.16,0.22,0.28,0.27],
    [0.08,0.25,0.28,0.25,0.20,0.24,0.31,0.13,0.18,0.22,0.26,0.54,0.22,0.32,0.18,0.28,0.24,0.16,0.30,0.24],
    [0.39,0.23,0.33,0.29,0.07,0.26,0.11,0.17,0.15,0.14,0.07,0.22,0.93,0.34,0.17,0.23,0.28,0.29,0.14,0.07],
    [0.15,0.18,0.24,0.30,0.06,0.25,0.23,0.12,0.18,0.24,0.25,0.32,0.34,0.59,0.26,0.31,0.30,0.18,0.22,0.15],
    [0.22,0.15,0.13,0.11,0.12,0.20,0.46,0.03,0.66,0.10,0.19,0.18,0.17,0.26,1.00,0.28,0.16,0.06,0.14,0.26],
    [0.32,0.20,0.22,0.21,0.08,0.30,0.26,0.12,0.25,0.13,0.19,0.28,0.23,0.31,0.28,0.56,0.41,0.23,0.16,0.13],
    [0.35,0.20,0.26,0.23,0.09,0.26,0.20,0.18,0.18,0.18,0.16,0.24,0.28,0.30,0.16,0.41,0.52,0.34,0.19,0.15],
    [0.40,0.21,0.21,0.23,0.21,0.22,0.07,0.42,0.17,0.33,0.22,0.16,0.29,0.18,0.06,0.23,0.34,0.58,0.19,0.16],
    [0.00,0.32,0.25,0.23,0.37,0.20,0.27,0.25,0.13,0.23,0.28,0.30,0.14,0.22,0.14,0.16,0.19,0.19,0.62,0.40],
    [0.10,0.26,0.21,0.20,0.41,0.20,0.32,0.20,0.23,0.22,0.27,0.24,0.07,0.15,0.26,0.13,0.15,0.16,0.40,0.71]
]
PMBEC_order = ["ALA","CYS","ASP","GLU","PHE","GLY","HIS","ILE","LYS","LEU","MET","ASN","PRO","GLN","ARG","SER","THR","VAL","TRP","TYR"]
PMBEC_Sim = pd.DataFrame(PMBEC, columns=PMBEC_order, index=PMBEC_order)